Matricole CLASSE A - A.A. 2022/2023 

0001080493 0001080133 0001081795 

0001080149 0001078599 0001079939 

0001077839 0001070926 0001079036 

0001082223 0001078124 0001081850 

0001079183 0001071439 0001077395 

0001081573 0001079192 0001079303 

0001080230 0001080446 0001078287 

0001081612 0001080591 0001081989 

0001078545 0001077417 0001078463 

0001082610 0001078285 0001071044 

0001078126 0001078070 0001093656 

0001071181 0001080708 

0001081674 0001082027 

0001078132 0001077662 

0001081944 0001081246 

0001078023 0001078418 

0001068892 0001070903 

0001077507 0001082217 

0001079736 0001077805 

0001079129 0001081576 

0001070932 0001079742 

0001079844 0001077423 

0001080182 0001081969 

0001077953 0001080348 

0001077338 0001078783 

0001077802 0001077405 

0001079412 0001080143 

0001078378 0001081320 

0001078648 0001078278 

0001080677 0001069058 

0001071463 0001071215 

0001077544 0001080514 

0001077977 0001071126 

0001081933 0001068937 

0001082168 0001078003 

0001078392 0001077424 

0001078199 0001079869 

0001081559 0001079865 

0001079309 0001078201 

0001077694 0001079235 

0001080020 0001077598 

0001082084 0001077737 

0001081557 0001080486 

0001070818 0001081037 

0001078799 0001080006