Matricole CLASSE B - A.A. 2021/2022 

0001027297 0001032322 0001021056 

0001028020 0001028749 0001021414 

0001027902 0001031040 0001020789 

0001032427 0001031531 0001020657 

0001029655 0001031348 0001020723 

0001030238 0001029729 0001021037 

0001029348 0001031164 0001021396 

0001030499 0001032551 0001019580 

0001027152 0001028456 0001021672 

0001031718 0001030438 0001020871 

0001029317 0001028134 

0001027176 0001030992 

0001031380 0001028990 

0001032081 0001031028 

0001031540 0001028754 

0001027173 0001032347 

0001027928 0001030650 

0001027124 0001029649 

0001031172 0001029024 

0001029512 0001027935 

0001032361 0001027266 

0001031596 0001027079 

0001029056 0001030277 

0001027282 0001027241 

0001028633 0001030101 

0001027105 0001027969 

0001028232 0001030875 

0001027395 0001028827 

0001030902 0001030502 

0001027743 0001029341 

0001029548 0001029770 

0001030644 0001030793 

0001028503 0001027202 

0001030497 0001028016 

0001027206 0001027635 

0001028531 0001030166 

0001028327 0001028448 

0001028575 0001032416 

0001027267 0001027599 

0001030226 0001031205 

0001027842 0001028667 

0001032030 0001030360 

0001031108 0001031122 

0001031818 0001031354 

0001027129 0001021309