Matricole CLASSE B - A.A. 2023/2024 

0001126192 0001128110 0001124895 

0001126815 0001122840 0001125803 

0001125657 0001125842 0001130015 

0001127357 0001123021 0001128389 

0001126347 0001123530 0001129311 

0001128209 0001122623 0001130521 

0001123373 0001125263 0001129926 

0001123050 0001126484 0001130557 

0001124193 0001122957 0001130983 

0001126057 0001125741 0001131113 

0001125253 0001125837 

0001122612 0001125418 

0001122744 0001128202 

0001124773 0001125188 

0001078461 0001126983 

0001125692 0001125690 

0001124309 0001127240 

0001122761 0001122691 

0001126849 0001126664 

0001125067 0001126526 

0001125590 0001123805 

0001127257 0001126067 

0001123254 0001123907 

0001122551 0001128018 

0001125441 0001125631 

0001127222 0001128064 

0001125166 0001122556 

0001128639 0001124940 

0001124628 0001127687 

0001123178 0001127552 

0001122681 0001124610 

0001128546 0001122802 

0001126512 0001126075 

0001128371 0001124244 

0001126065 0001101232 

0001124110 0001125129 

0001124318 0001093999 

0001123397 0001126326 

0001123127 0001124984 

0001126702 0001126375 

0001126380 0001123510 

0001123479 0001127943 

0001124671 0001124570 

0001122553 0001122804 

0001126835 0001121718