Matricole CLASSE A - A.A. 2024/2025 

0001113951 0001172830 0001176181 

0001123510 0001172879 0001176440 

0001161102 0001173056 0001176876 

0001171052 0001173191 0001177151 

0001171091 0001173477 0001177158 

0001171132 0001173491 0001177434 

0001171141 0001173511 0001177553 

0001171156 0001173616 0001178820 

0001171169 0001173962 0001179310 

0001171170 0001173981 0001179969 

0001171188 0001173985 

0001171249 0001173996 

0001171324 0001174092 

0001171393 0001174193 

0001171454 0001174278 

0001171470 0001174298 

0001171508 0001174351 

0001171578 0001174481 

0001171587 0001174553 

0001171607 0001174610 

0001171766 0001174742 

0001171798 0001174758 

0001171800 0001174790 

0001171824 0001174855 

0001171933 0001174888 

0001172104 0001174969 

0001172132 0001175042 

0001172150 0001175047 

0001172168 0001175049 

0001172221 0001175191 

0001172264 0001175292 

0001172346 0001175293 

0001172362 0001175297 

0001172416 0001175458 

0001172471 0001175464 

0001172480 0001175560 

0001172491 0001175737 

0001172529 0001175738 

0001172537 0001175739 

0001172561 0001175781 

0001172582 0001175793 

0001172595 0001175854 

0001172635 0001175893 

0001172676 0001176089 

0001172684 0001176091