Matricole CLASSE A - A.A. 2023/2024 

0001116609 0001118728 0001114093 

0001115474 0001114078 0001115732 

0001116562 0001116250 0001115008 

0001116898 0001113904 0001117644 

0001117120 0001114876 0001114013 

0001114021 0001117564 0001117247 

0001117974 0001116621 0001113994 

0001117690 0001114122 0001117953 

0001114116 0001117244 0001114837 

0001114794 0001117669 0001117773 

0001117913 0001114018 0001117152 

0001115288 0001116797 0001115535 

0001114238 0001114079 0001114901 

0001116831 0001114425 0001117175 

0001118700 0001115148 0001114980 

0001114295 0001113808 0001113736 

0001114019 0001116470 0001115392 

0001115294 0001114750 0001117149 

0001114169 0001117082 0001114726 

0001116816 0001114358 0001114592 

0001116237 0001116686 0001117661 

0001116514 0001116890 0001116872 

0001118520 0001117322 0001117769 

0001114736 0001114366 0001113862 

0001115253 0001113925 0001118585 

0001113915 0001117493 0001118661 

0001114473 0001115400 0001114486 

0001116947 0001117927 0001117272 

0001115825 0001114441 0001116624 

0001115610 0001114642 0001114965 

0001116048 0001116309 0001116130 

0001115895 0001113890 0001115851 

0001115947 0001117339 0001129476 

0001116208 0001118424 0001129990 

0001114041 0001117003 0001132099 

0001114781 0001116801 0001130260 

0001116993 0001117482 0001129907 

0001117286 0001113916 0001130824 

0001114229 0001114001 0001125523 

0001114005 0001113854 0001132306 

0001114789 0001114189 0001131717 

0001113983 0001117228 0001132123 

0001115097 0001113804 0001130451 

0001114740 0001115376 0001126019 

0001113841 0001115280 0001125311