Matricole CLASSE B - A.A. 2024/2025 

0001123818 0001161456 0001163004 0001179088 

0001144665 0001161462 0001163006 0001181291 

0001159679 0001161467 0001163015 0001181576 

0001159680 0001161469 0001163017 

0001159686 0001161538 0001163033 

0001159692 0001161543 0001163069 

0001159881 0001161572 0001163097 

0001159882 0001161617 0001163164 

0001160124 0001161619 0001163178 

0001160133 0001161630 0001163190 

0001160194 0001161693 0001163193 

0001160411 0001161720 0001163195 

0001160462 0001161765 0001163226 

0001160496 0001161780 0001163229 

0001160530 0001161784 0001163231 

0001160548 0001161800 0001163260 

0001160589 0001161821 0001163426 

0001160659 0001161859 0001163436 

0001160697 0001161868 0001163439 

0001160698 0001161869 0001163465 

0001160712 0001161872 0001163470 

0001160730 0001161936 0001163542 

0001160741 0001162078 0001163545 

0001160742 0001162204 0001163574 

0001160806 0001162254 0001163630 

0001160863 0001162364 0001163666 

0001160865 0001162459 0001163673 

0001160887 0001162476 0001163810 

0001160904 0001162502 0001163877 

0001160969 0001162503 0001163939 

0001161062 0001162576 0001164275 

0001161065 0001162591 0001164723 

0001161090 0001162597 0001172166 

0001161117 0001162661 0001172463 

0001161120 0001162696 0001172815 

0001161131 0001162734 0001173063 

0001161175 0001162752 0001176856 

0001161182 0001162772 0001176950 

0001161188 0001162804 0001177223 

0001161216 0001162834 0001177425 

0001161283 0001162840 0001177498 

0001161284 0001162850 0001177531 

0001161351 0001162865 0001177660 

0001161435 0001162886 0001177724 

0001161437 0001162928 0001178052