Matricole CLASSE A - A.A. 2021/2022 

0001021734 0001019991 

0001021308 0001020678 

0001019768 0001020252 

0001021130 0001019553 

0001021070 0001019741 

0001021825 0001021662 

0001021494 0001020332 

0001020388 0001020350 

0001020014 0001019856 

0001020736 0001020641 

0001021401 0001020650 

0001019714 0001020605 

0001021417 0001019941 

0001021754 0001019995 

0001020551 0001021740 

0001020938 0001021390 

0001020270 0001021184 

0001021650 0001021210 

0001021628 0001019894 

0001020019 0001021066 

0001020849 0001020237 

0001019582 0001020741 

0001019592 0001021552 

0001020721 0001021704 

0001021652 0001021601 

0001021577 0001021065 

0001020686 0001021118 

0001020944 0001019556 

0001021320 0001020123 

0001020853 0001021745 

0001020185 0001020992 

0001019527 

0001021849 

0001021005 

0001021771 

0001020758 

0001020877 

0001020606 

0001021068 

0001021694 

0001021445 

0001021677 

0001020599 

0001020356 

0001021207