Matricole CLASSE B - A.A. 2022/2023 

0001070878 0001069253 

0001070857 0001069320 

0001071301 0001070910 

0001071149 0001069114 

0001070811 0001071132 

0001070874 0001071371 

0001071230 0001071280 

0001071532 0001071525 

0001068901 0001071042 

0001071026 0001071462 

0001071364 0001071432 

0001070887 0001071328 

0001069300 0001071460 

0001071464 0001070938 

0001071144 0001071531 

0001071049 0001071265 

0001071418 0001069347 

0001071194 0001071524 

0001070896 0001071121 

0001069237 0001071295 

0001070908 0001071170 

0001071458 0001070882 

0001071094 0001069041 

0001070967 0001070988 

0001070824 0001070819 

0001068964 

0001071569 

0001071000 

0001070922 

0001069003 

0001070915 

0001068902 

0001069213 

0001070834 

0001069061 

0001071582 

0001071300 

0001070850 

0001071420 

0001071400 

0001071190 

0001070845 

0001071241 

0001071335 

0001069215